==== Posortowane po: End Value ====
Index            End Value             Min             Max
------------------------------------------------------------
BMC              98 368.84      -10 491.48      129 527.99
CRI              18 558.00       -1 043.00       18 919.50
ZEP              17 221.69       -3 104.30       20 183.04
UNI              15 958.94          -34.83       18 881.31
BRS              15 484.17       -5 161.08       22 904.73
CRJ              14 567.05      -10 154.92       18 167.05
PXM              13 819.47       -9 675.29       15 457.25
DAT              13 289.69       -3 755.65       14 173.43
WLT               9 056.18      -16 761.28        9 056.18
SNK               8 776.18       -1 952.36       10 310.98
RNK               7 187.90       -4 927.64       10 490.97
CLC               7 169.01      -13 128.99        7 266.87


==== Posortowane po: Max ====
Index            End Value             Min             Max
------------------------------------------------------------
BMC              98 368.84      -10 491.48      129 527.99
BRS              15 484.17       -5 161.08       22 904.73
ZEP              17 221.69       -3 104.30       20 183.04
CRI              18 558.00       -1 043.00       18 919.50
UNI              15 958.94          -34.83       18 881.31
CRJ              14 567.05      -10 154.92       18 167.05
RVU               3 245.30      -16 126.20       15 557.10
PXM              13 819.47       -9 675.29       15 457.25
MLS             -14 229.89      -26 808.47       14 631.33
DAT              13 289.69       -3 755.65       14 173.43
RNK               7 187.90       -4 927.64       10 490.97
ATT               1 084.61       -3 996.64       10 414.42


==== Posortowane po: Min ====
Index            End Value             Min             Max
------------------------------------------------------------
PCO               3 865.45            0.00        5 070.53
VGO               3 512.00            0.00        3 727.00
BFT                   0.00            0.00            0.00
LPP                   0.00            0.00            0.00
OND               1 159.35          -31.77        2 398.74
UNI              15 958.94          -34.83       18 881.31
PEP                 -36.20          -36.20          829.20
NEU               1 576.03          -48.09        2 167.42
ENT                 803.96          -48.96        1 049.66
KGH               6 096.72          -50.34        7 159.47
WWL                 173.72          -64.96          707.19
PLW                 988.25         -113.88        1 170.25


